10 101
10 202
10 303
10 404
10 505
10 606
10 707
10 808
10 909
10 1010
10 1111
10 1212
10 1313
10 1414
10 1515
10 1616
10 1717
10 1818
10 1919
10 2020
10 2121
10 2222
10 2323
10 2424
10 2525
10 2626
10 2727
10 2828
10 2929
10 3030
10 3131
10 3232
10 3333
10 3434
10 3535
10 3636
10 3737
10 3838
10 3939
10 4040
10 4141
10 4242
10 4343
10 4444
10 4545
10 4646
10 4747
10 4848
10 4949
10 5050
10 5151
10 5252
10 5353
10 5454
10 5555
10 5656
10 5757
10 5858
10 5959
10 6060
10 6161
10 6262
10 6363
10 6464
10 6565
10 6666
10 6767
10 6868
10 6969
10 7070
10 7171
10 7272
10 7373
10 7474
10 7575
10 7676
10 7777
10 7878
10 7979
10 8080
10 8181
10 8282
10 8383
10 8484
10 8585
10 8686
10 8787
10 8888
10 8989
10 9090
10 9191
10 9292
10 9393
10 9494
10 9595
10 9696
10 9797
10 9898
10 9999
10 10100
10 0