30 103
30 206
30 309
30 412
30 515
30 618
30 721
30 824
30 927
30 1030
30 1133
30 1236
30 1339
30 1442
30 1545
30 1648
30 1751
30 1854
30 1957
30 2060
30 2163
30 2266
30 2369
30 2472
30 2575
30 2678
30 2781
30 2884
30 2987
30 3090
30 3193
30 3296
30 3399
30 3502
30 3605
30 3708
30 3811
30 3914
30 4017
30 4120
30 4223
30 4326
30 4429
30 4532
30 4635
30 4738
30 4841
30 4944
30 5047
30 5150
30 5253
30 5356
30 5459
30 5562
30 5665
30 5768
30 5871
30 5974
30 6077
30 6180
30 6283
30 6386
30 6489
30 6592
30 6695
30 6798
30 6901
30 7004
30 7107
30 7210
30 7313
30 7416
30 7519
30 7622
30 7725
30 7828
30 7931
30 8034
30 8137
30 8240
30 8343
30 8446
30 8549
30 8652
30 8755
30 8858
30 8961
30 9064
30 9167
30 9270
30 9373
30 9476
30 9579
30 9682
30 9785
30 9888
30 9991
30 10094
30 10197
30 10300
30 0