20 102
20 204
20 306
20 408
20 510
20 612
20 714
20 816
20 918
20 1020
20 1122
20 1224
20 1326
20 1428
20 1530
20 1632
20 1734
20 1836
20 1938
20 2040
20 2142
20 2244
20 2346
20 2448
20 2550
20 2652
20 2754
20 2856
20 2958
20 3060
20 3162
20 3264
20 3366
20 3468
20 3570
20 3672
20 3774
20 3876
20 3978
20 4080
20 4182
20 4284
20 4386
20 4488
20 4590
20 4692
20 4794
20 4896
20 4998
20 5100
20 5202
20 5304
20 5406
20 5508
20 5610
20 5712
20 5814
20 5916
20 6018
20 6120
20 6222
20 6324
20 6426
20 6528
20 6630
20 6732
20 6834
20 6936
20 7038
20 7140
20 7242
20 7344
20 7446
20 7548
20 7650
20 7752
20 7854
20 7956
20 8058
20 8160
20 8262
20 8364
20 8466
20 8568
20 8670
20 8772
20 8874
20 8976
20 9078
20 9180
20 9282
20 9384
20 9486
20 9588
20 9690
20 9792
20 9894
20 9996
20 10098
20 10200
20 0